[gd_scene load_steps=7 format=3 uid="uid://desc0bea355cq"]

[ext_resource type="Script" path="res://Scripts/ConveyorBelt.cs" id="1_yiyab"]
[ext_resource type="PackedScene" uid="uid://cddw7torixlvg" path="res://Prefabs/item.tscn" id="2_r4kts"]
[ext_resource type="Material" uid="uid://dqt1awdjqhwb0" path="res://Materials/ConveyorMaterial.tres" id="3_0ybgc"]

[sub_resource type="BoxMesh" id="BoxMesh_1f02d"]
material = ExtResource("3_0ybgc")
size = Vector3(1, 0.1, 0.5)

[sub_resource type="StandardMaterial3D" id="StandardMaterial3D_p6ncy"]
emission_enabled = true
emission = Color(1, 0, 0, 1)
emission_energy_multiplier = 2.61

[sub_resource type="BoxMesh" id="BoxMesh_1x7rm"]
material = SubResource("StandardMaterial3D_p6ncy")
size = Vector3(0.25, 0.1, 0.1)

[node name="ConveyorBelt" type="Node3D"]
script = ExtResource("1_yiyab")
_itemPrefab = ExtResource("2_r4kts")
IsLead = true

[node name="ConveyorMesh" type="MeshInstance3D" parent="."]
transform = Transform3D(1, 0, 0, 0, 1, 0, 0, 0, 1, 0.5, 0.05, 0)
mesh = SubResource("BoxMesh_1f02d")

[node name="Arrow" type="MeshInstance3D" parent="ConveyorMesh"]
transform = Transform3D(0.707107, 0, -0.707107, 0, 1, 0, 0.707107, 0, 0.707107, 0.256011, 0.000943627, -0.0488288)
mesh = SubResource("BoxMesh_1x7rm")
skeleton = NodePath("../..")

[node name="Arrow2" type="MeshInstance3D" parent="ConveyorMesh"]
transform = Transform3D(0.707107, 0, 0.707107, 0, 1, 0, -0.707107, 0, 0.707107, 0.255998, 0.00213867, 0.0570552)
mesh = SubResource("BoxMesh_1x7rm")
skeleton = NodePath("../..")

[node name="Arrow3" type="MeshInstance3D" parent="ConveyorMesh"]
transform = Transform3D(0.707107, 0, -0.707107, 0, 1, 0, 0.707107, 0, 0.707107, -0.223601, 0.000943627, -0.0488288)
mesh = SubResource("BoxMesh_1x7rm")
skeleton = NodePath("../..")

[node name="Arrow4" type="MeshInstance3D" parent="ConveyorMesh"]
transform = Transform3D(0.707107, 0, 0.707107, 0, 1, 0, -0.707107, 0, 0.707107, -0.223614, 0.00213867, 0.0570552)
mesh = SubResource("BoxMesh_1x7rm")
skeleton = NodePath("../..")
